{
 "cells": [
  {
   "cell_type": "code",
   "execution_count": 1,
   "metadata": {},
   "outputs": [
    {
     "data": {
      "text/html": [
       "<style>.container { width:100% !important; }</style>"
      ],
      "text/plain": [
       "<IPython.core.display.HTML object>"
      ]
     },
     "metadata": {},
     "output_type": "display_data"
    },
    {
     "name": "stderr",
     "output_type": "stream",
     "text": [
      "/home/dsuo/miniconda3/envs/skgaip/lib/python3.7/site-packages/jax/lib/xla_bridge.py:123: UserWarning: No GPU/TPU found, falling back to CPU.\n",
      "  warnings.warn('No GPU/TPU found, falling back to CPU.')\n"
     ]
    }
   ],
   "source": [
    "%load_ext autoreload\n",
    "%autoreload 2\n",
    "\n",
    "from IPython.display import Image\n",
    "from IPython.core.display import display, HTML\n",
    "display(HTML(\"<style>.container { width:100% !important; }</style>\"))\n",
    "\n",
    "import os\n",
    "import json\n",
    "import numpy as onp\n",
    "import jax\n",
    "import jax.numpy as jnp\n",
    "import flax\n",
    "import pickle\n",
    "import matplotlib.pyplot as plt\n",
    "import pandas as pd\n",
    "import matplotlib\n",
    "import timecast as tc\n",
    "\n",
    "from mpl_toolkits import mplot3d\n",
    "\n",
    "\n",
    "plt.rcParams['figure.figsize'] = [20, 10]\n",
    "\n",
    "import tqdm.notebook as tqdm"
   ]
  },
  {
   "cell_type": "code",
   "execution_count": 14,
   "metadata": {},
   "outputs": [],
   "source": [
    "from timecast.utils.ar import _fit_constraint, compute_gram, fit_gram, historify\n",
    "from timecast.utils import random"
   ]
  },
  {
   "cell_type": "code",
   "execution_count": 176,
   "metadata": {},
   "outputs": [],
   "source": [
    "n = 15\n",
    "input_dim = 4\n",
    "output_dim = 2\n",
    "history_len = 3\n",
    "\n",
    "X = jax.random.uniform(random.generate_key(), shape=(n, input_dim))\n",
    "Y = jax.random.uniform(random.generate_key(), shape=(n, output_dim))\n",
    "\n",
    "XTX, XTY = compute_gram([(X, Y, None)], input_dim, output_dim, history_len)"
   ]
  },
  {
   "cell_type": "code",
   "execution_count": null,
   "metadata": {},
   "outputs": [],
   "source": [
    "XTX_matrix = XTX.matrix(fit_intercept=True, input_dim)"
   ]
  },
  {
   "cell_type": "code",
   "execution_count": 183,
   "metadata": {},
   "outputs": [],
   "source": [
    "kernel, bias = fit_gram(XTX, XTY)"
   ]
  },
  {
   "cell_type": "code",
   "execution_count": 184,
   "metadata": {},
   "outputs": [
    {
     "data": {
      "text/plain": [
       "DeviceArray([[[-0.12112668, -0.01588155],\n",
       "              [ 0.29461107, -0.11640345],\n",
       "              [-0.18669236,  0.17323935],\n",
       "              [ 0.02627132, -0.05914355],\n",
       "              [ 0.08157143,  0.09819189],\n",
       "              [ 0.13814986,  0.04696539],\n",
       "              [ 0.00360064, -0.08458078],\n",
       "              [ 0.19632673, -0.08705389],\n",
       "              [ 0.22611143, -0.13234228],\n",
       "              [-0.09685083,  0.13079412],\n",
       "              [-0.07473218, -0.0595607 ],\n",
       "              [-0.06446776,  0.20944849]]], dtype=float32)"
      ]
     },
     "execution_count": 184,
     "metadata": {},
     "output_type": "execute_result"
    }
   ],
   "source": [
    "kernel"
   ]
  },
  {
   "cell_type": "code",
   "execution_count": 143,
   "metadata": {},
   "outputs": [],
   "source": [
    "X_stats = XTX._feature_stats\n",
    "Y_stats = XTX._output_stats"
   ]
  },
  {
   "cell_type": "code",
   "execution_count": 144,
   "metadata": {},
   "outputs": [],
   "source": [
    "num_rc = input_dim"
   ]
  },
  {
   "cell_type": "code",
   "execution_count": 145,
   "metadata": {},
   "outputs": [],
   "source": [
    "sumcol = jnp.tile(X_stats.sum, (num_rc, 1))"
   ]
  },
  {
   "cell_type": "code",
   "execution_count": 146,
   "metadata": {},
   "outputs": [
    {
     "data": {
      "text/plain": [
       "DeviceArray([[5.2810802, 7.087426 , 6.8720837, 6.804742 , 5.4718595,\n",
       "              6.239929 , 7.154348 , 6.7237587, 5.0525355, 6.825943 ,\n",
       "              6.7483277, 6.985718 ],\n",
       "             [5.2810802, 7.087426 , 6.8720837, 6.804742 , 5.4718595,\n",
       "              6.239929 , 7.154348 , 6.7237587, 5.0525355, 6.825943 ,\n",
       "              6.7483277, 6.985718 ],\n",
       "             [5.2810802, 7.087426 , 6.8720837, 6.804742 , 5.4718595,\n",
       "              6.239929 , 7.154348 , 6.7237587, 5.0525355, 6.825943 ,\n",
       "              6.7483277, 6.985718 ],\n",
       "             [5.2810802, 7.087426 , 6.8720837, 6.804742 , 5.4718595,\n",
       "              6.239929 , 7.154348 , 6.7237587, 5.0525355, 6.825943 ,\n",
       "              6.7483277, 6.985718 ]], dtype=float32)"
      ]
     },
     "execution_count": 146,
     "metadata": {},
     "output_type": "execute_result"
    }
   ],
   "source": [
    "sumcol"
   ]
  },
  {
   "cell_type": "code",
   "execution_count": 147,
   "metadata": {},
   "outputs": [],
   "source": [
    "result = jnp.concatenate((jnp.zeros((num_rc, XTX._matrix.shape[0])), XTX._matrix), axis=0)"
   ]
  },
  {
   "cell_type": "code",
   "execution_count": 148,
   "metadata": {},
   "outputs": [
    {
     "data": {
      "text/plain": [
       "(16, 12)"
      ]
     },
     "execution_count": 148,
     "metadata": {},
     "output_type": "execute_result"
    }
   ],
   "source": [
    "result.shape"
   ]
  },
  {
   "cell_type": "code",
   "execution_count": 149,
   "metadata": {},
   "outputs": [],
   "source": [
    "result = jnp.concatenate((jnp.zeros((result.shape[0], num_rc)), result), axis=1)"
   ]
  },
  {
   "cell_type": "code",
   "execution_count": 150,
   "metadata": {},
   "outputs": [
    {
     "data": {
      "text/plain": [
       "(16, 16)"
      ]
     },
     "execution_count": 150,
     "metadata": {},
     "output_type": "execute_result"
    }
   ],
   "source": [
    "result.shape"
   ]
  },
  {
   "cell_type": "code",
   "execution_count": 151,
   "metadata": {},
   "outputs": [],
   "source": [
    "result = jax.ops.index_update(result, jax.ops.index[:num_rc, :num_rc], X_stats.observations)"
   ]
  },
  {
   "cell_type": "code",
   "execution_count": 152,
   "metadata": {},
   "outputs": [
    {
     "data": {
      "text/plain": [
       "DeviceArray([[13.       , 13.       , 13.       , 13.       ,  0.       ,\n",
       "               0.       ,  0.       ,  0.       ,  0.       ,  0.       ,\n",
       "               0.       ,  0.       ,  0.       ,  0.       ,  0.       ,\n",
       "               0.       ],\n",
       "             [13.       , 13.       , 13.       , 13.       ,  0.       ,\n",
       "               0.       ,  0.       ,  0.       ,  0.       ,  0.       ,\n",
       "               0.       ,  0.       ,  0.       ,  0.       ,  0.       ,\n",
       "               0.       ],\n",
       "             [13.       , 13.       , 13.       , 13.       ,  0.       ,\n",
       "               0.       ,  0.       ,  0.       ,  0.       ,  0.       ,\n",
       "               0.       ,  0.       ,  0.       ,  0.       ,  0.       ,\n",
       "               0.       ],\n",
       "             [13.       , 13.       , 13.       , 13.       ,  0.       ,\n",
       "               0.       ,  0.       ,  0.       ,  0.       ,  0.       ,\n",
       "               0.       ,  0.       ,  0.       ,  0.       ,  0.       ,\n",
       "               0.       ],\n",
       "             [ 0.       ,  0.       ,  0.       ,  0.       ,  2.8929155,\n",
       "               3.1338594,  2.560944 ,  3.1256387,  1.9453093,  2.256961 ,\n",
       "               3.3395677,  2.5001693,  1.9976587,  2.3981686,  2.612171 ,\n",
       "               2.6060302],\n",
       "             [ 0.       ,  0.       ,  0.       ,  0.       ,  3.1338594,\n",
       "               5.106329 ,  3.644554 ,  4.1993823,  3.2915542,  3.2674053,\n",
       "               3.9967644,  3.1933966,  2.2154274,  2.9629033,  4.0867023,\n",
       "               3.5967803],\n",
       "             [ 0.       ,  0.       ,  0.       ,  0.       ,  2.560944 ,\n",
       "               3.644554 ,  4.939522 ,  3.2520127,  3.1616266,  2.7386518,\n",
       "               3.7241402,  3.6470957,  2.3331056,  3.6620378,  3.9305506,\n",
       "               3.8032594],\n",
       "             [ 0.       ,  0.       ,  0.       ,  0.       ,  3.1256387,\n",
       "               4.1993823,  3.2520127,  4.6487083,  3.3205233,  3.179682 ,\n",
       "               3.6908271,  3.625122 ,  2.257228 ,  3.0397243,  3.474702 ,\n",
       "               3.245873 ],\n",
       "             [ 0.       ,  0.       ,  0.       ,  0.       ,  1.9453093,\n",
       "               3.2915542,  3.1616266,  3.3205233,  3.0976195,  2.7728024,\n",
       "               2.7669394,  3.245749 ,  1.7768493,  2.6844969,  3.1835308,\n",
       "               2.676619 ],\n",
       "             [ 0.       ,  0.       ,  0.       ,  0.       ,  2.256961 ,\n",
       "               3.2674053,  2.7386518,  3.179682 ,  2.7728024,  4.2745504,\n",
       "               3.540688 ,  3.4330745,  2.8347685,  3.0523665,  3.5230289,\n",
       "               3.1624238],\n",
       "             [ 0.       ,  0.       ,  0.       ,  0.       ,  3.3395677,\n",
       "               3.9967644,  3.7241402,  3.6908271,  2.7669394,  3.540688 ,\n",
       "               5.100975 ,  3.4708402,  3.1253028,  3.0736477,  3.6994412,\n",
       "               3.7751453],\n",
       "             [ 0.       ,  0.       ,  0.       ,  0.       ,  2.5001693,\n",
       "               3.1933966,  3.6470957,  3.625122 ,  3.245749 ,  3.4330745,\n",
       "               3.4708402,  4.509853 ,  2.937047 ,  3.6340501,  3.316513 ,\n",
       "               3.8344588],\n",
       "             [ 0.       ,  0.       ,  0.       ,  0.       ,  1.9976587,\n",
       "               2.2154274,  2.3331056,  2.257228 ,  1.7768493,  2.8347685,\n",
       "               3.1253028,  2.937047 ,  2.8492284,  2.697686 ,  2.510872 ,\n",
       "               3.2444072],\n",
       "             [ 0.       ,  0.       ,  0.       ,  0.       ,  2.3981686,\n",
       "               2.9629033,  3.6620378,  3.0397243,  2.6844969,  3.0523665,\n",
       "               3.0736477,  3.6340501,  2.697686 ,  4.9696274,  3.489697 ,\n",
       "               3.6987355],\n",
       "             [ 0.       ,  0.       ,  0.       ,  0.       ,  2.612171 ,\n",
       "               4.0867023,  3.9305506,  3.474702 ,  3.1835308,  3.5230289,\n",
       "               3.6994412,  3.316513 ,  2.510872 ,  3.489697 ,  4.8379683,\n",
       "               3.47926  ],\n",
       "             [ 0.       ,  0.       ,  0.       ,  0.       ,  2.6060302,\n",
       "               3.5967803,  3.8032594,  3.245873 ,  2.676619 ,  3.1624238,\n",
       "               3.7751453,  3.8344588,  3.2444072,  3.6987355,  3.47926  ,\n",
       "               4.6084695]], dtype=float32)"
      ]
     },
     "execution_count": 152,
     "metadata": {},
     "output_type": "execute_result"
    }
   ],
   "source": [
    "result"
   ]
  },
  {
   "cell_type": "code",
   "execution_count": 153,
   "metadata": {},
   "outputs": [],
   "source": [
    "result = jax.ops.index_update(result, jax.ops.index[:num_rc, num_rc:], sumcol)"
   ]
  },
  {
   "cell_type": "code",
   "execution_count": 154,
   "metadata": {},
   "outputs": [
    {
     "data": {
      "text/plain": [
       "DeviceArray([[13.       , 13.       , 13.       , 13.       ,  5.2810802,\n",
       "               7.087426 ,  6.8720837,  6.804742 ,  5.4718595,  6.239929 ,\n",
       "               7.154348 ,  6.7237587,  5.0525355,  6.825943 ,  6.7483277,\n",
       "               6.985718 ],\n",
       "             [13.       , 13.       , 13.       , 13.       ,  5.2810802,\n",
       "               7.087426 ,  6.8720837,  6.804742 ,  5.4718595,  6.239929 ,\n",
       "               7.154348 ,  6.7237587,  5.0525355,  6.825943 ,  6.7483277,\n",
       "               6.985718 ],\n",
       "             [13.       , 13.       , 13.       , 13.       ,  5.2810802,\n",
       "               7.087426 ,  6.8720837,  6.804742 ,  5.4718595,  6.239929 ,\n",
       "               7.154348 ,  6.7237587,  5.0525355,  6.825943 ,  6.7483277,\n",
       "               6.985718 ],\n",
       "             [13.       , 13.       , 13.       , 13.       ,  5.2810802,\n",
       "               7.087426 ,  6.8720837,  6.804742 ,  5.4718595,  6.239929 ,\n",
       "               7.154348 ,  6.7237587,  5.0525355,  6.825943 ,  6.7483277,\n",
       "               6.985718 ],\n",
       "             [ 0.       ,  0.       ,  0.       ,  0.       ,  2.8929155,\n",
       "               3.1338594,  2.560944 ,  3.1256387,  1.9453093,  2.256961 ,\n",
       "               3.3395677,  2.5001693,  1.9976587,  2.3981686,  2.612171 ,\n",
       "               2.6060302],\n",
       "             [ 0.       ,  0.       ,  0.       ,  0.       ,  3.1338594,\n",
       "               5.106329 ,  3.644554 ,  4.1993823,  3.2915542,  3.2674053,\n",
       "               3.9967644,  3.1933966,  2.2154274,  2.9629033,  4.0867023,\n",
       "               3.5967803],\n",
       "             [ 0.       ,  0.       ,  0.       ,  0.       ,  2.560944 ,\n",
       "               3.644554 ,  4.939522 ,  3.2520127,  3.1616266,  2.7386518,\n",
       "               3.7241402,  3.6470957,  2.3331056,  3.6620378,  3.9305506,\n",
       "               3.8032594],\n",
       "             [ 0.       ,  0.       ,  0.       ,  0.       ,  3.1256387,\n",
       "               4.1993823,  3.2520127,  4.6487083,  3.3205233,  3.179682 ,\n",
       "               3.6908271,  3.625122 ,  2.257228 ,  3.0397243,  3.474702 ,\n",
       "               3.245873 ],\n",
       "             [ 0.       ,  0.       ,  0.       ,  0.       ,  1.9453093,\n",
       "               3.2915542,  3.1616266,  3.3205233,  3.0976195,  2.7728024,\n",
       "               2.7669394,  3.245749 ,  1.7768493,  2.6844969,  3.1835308,\n",
       "               2.676619 ],\n",
       "             [ 0.       ,  0.       ,  0.       ,  0.       ,  2.256961 ,\n",
       "               3.2674053,  2.7386518,  3.179682 ,  2.7728024,  4.2745504,\n",
       "               3.540688 ,  3.4330745,  2.8347685,  3.0523665,  3.5230289,\n",
       "               3.1624238],\n",
       "             [ 0.       ,  0.       ,  0.       ,  0.       ,  3.3395677,\n",
       "               3.9967644,  3.7241402,  3.6908271,  2.7669394,  3.540688 ,\n",
       "               5.100975 ,  3.4708402,  3.1253028,  3.0736477,  3.6994412,\n",
       "               3.7751453],\n",
       "             [ 0.       ,  0.       ,  0.       ,  0.       ,  2.5001693,\n",
       "               3.1933966,  3.6470957,  3.625122 ,  3.245749 ,  3.4330745,\n",
       "               3.4708402,  4.509853 ,  2.937047 ,  3.6340501,  3.316513 ,\n",
       "               3.8344588],\n",
       "             [ 0.       ,  0.       ,  0.       ,  0.       ,  1.9976587,\n",
       "               2.2154274,  2.3331056,  2.257228 ,  1.7768493,  2.8347685,\n",
       "               3.1253028,  2.937047 ,  2.8492284,  2.697686 ,  2.510872 ,\n",
       "               3.2444072],\n",
       "             [ 0.       ,  0.       ,  0.       ,  0.       ,  2.3981686,\n",
       "               2.9629033,  3.6620378,  3.0397243,  2.6844969,  3.0523665,\n",
       "               3.0736477,  3.6340501,  2.697686 ,  4.9696274,  3.489697 ,\n",
       "               3.6987355],\n",
       "             [ 0.       ,  0.       ,  0.       ,  0.       ,  2.612171 ,\n",
       "               4.0867023,  3.9305506,  3.474702 ,  3.1835308,  3.5230289,\n",
       "               3.6994412,  3.316513 ,  2.510872 ,  3.489697 ,  4.8379683,\n",
       "               3.47926  ],\n",
       "             [ 0.       ,  0.       ,  0.       ,  0.       ,  2.6060302,\n",
       "               3.5967803,  3.8032594,  3.245873 ,  2.676619 ,  3.1624238,\n",
       "               3.7751453,  3.8344588,  3.2444072,  3.6987355,  3.47926  ,\n",
       "               4.6084695]], dtype=float32)"
      ]
     },
     "execution_count": 154,
     "metadata": {},
     "output_type": "execute_result"
    }
   ],
   "source": [
    "result"
   ]
  },
  {
   "cell_type": "code",
   "execution_count": 155,
   "metadata": {},
   "outputs": [],
   "source": [
    "result = jax.ops.index_update(result, jax.ops.index[num_rc:, :num_rc], sumcol.T)"
   ]
  },
  {
   "cell_type": "code",
   "execution_count": 156,
   "metadata": {},
   "outputs": [
    {
     "data": {
      "text/plain": [
       "DeviceArray([[13.       , 13.       , 13.       , 13.       ,  5.2810802,\n",
       "               7.087426 ,  6.8720837,  6.804742 ,  5.4718595,  6.239929 ,\n",
       "               7.154348 ,  6.7237587,  5.0525355,  6.825943 ,  6.7483277,\n",
       "               6.985718 ],\n",
       "             [13.       , 13.       , 13.       , 13.       ,  5.2810802,\n",
       "               7.087426 ,  6.8720837,  6.804742 ,  5.4718595,  6.239929 ,\n",
       "               7.154348 ,  6.7237587,  5.0525355,  6.825943 ,  6.7483277,\n",
       "               6.985718 ],\n",
       "             [13.       , 13.       , 13.       , 13.       ,  5.2810802,\n",
       "               7.087426 ,  6.8720837,  6.804742 ,  5.4718595,  6.239929 ,\n",
       "               7.154348 ,  6.7237587,  5.0525355,  6.825943 ,  6.7483277,\n",
       "               6.985718 ],\n",
       "             [13.       , 13.       , 13.       , 13.       ,  5.2810802,\n",
       "               7.087426 ,  6.8720837,  6.804742 ,  5.4718595,  6.239929 ,\n",
       "               7.154348 ,  6.7237587,  5.0525355,  6.825943 ,  6.7483277,\n",
       "               6.985718 ],\n",
       "             [ 5.2810802,  5.2810802,  5.2810802,  5.2810802,  2.8929155,\n",
       "               3.1338594,  2.560944 ,  3.1256387,  1.9453093,  2.256961 ,\n",
       "               3.3395677,  2.5001693,  1.9976587,  2.3981686,  2.612171 ,\n",
       "               2.6060302],\n",
       "             [ 7.087426 ,  7.087426 ,  7.087426 ,  7.087426 ,  3.1338594,\n",
       "               5.106329 ,  3.644554 ,  4.1993823,  3.2915542,  3.2674053,\n",
       "               3.9967644,  3.1933966,  2.2154274,  2.9629033,  4.0867023,\n",
       "               3.5967803],\n",
       "             [ 6.8720837,  6.8720837,  6.8720837,  6.8720837,  2.560944 ,\n",
       "               3.644554 ,  4.939522 ,  3.2520127,  3.1616266,  2.7386518,\n",
       "               3.7241402,  3.6470957,  2.3331056,  3.6620378,  3.9305506,\n",
       "               3.8032594],\n",
       "             [ 6.804742 ,  6.804742 ,  6.804742 ,  6.804742 ,  3.1256387,\n",
       "               4.1993823,  3.2520127,  4.6487083,  3.3205233,  3.179682 ,\n",
       "               3.6908271,  3.625122 ,  2.257228 ,  3.0397243,  3.474702 ,\n",
       "               3.245873 ],\n",
       "             [ 5.4718595,  5.4718595,  5.4718595,  5.4718595,  1.9453093,\n",
       "               3.2915542,  3.1616266,  3.3205233,  3.0976195,  2.7728024,\n",
       "               2.7669394,  3.245749 ,  1.7768493,  2.6844969,  3.1835308,\n",
       "               2.676619 ],\n",
       "             [ 6.239929 ,  6.239929 ,  6.239929 ,  6.239929 ,  2.256961 ,\n",
       "               3.2674053,  2.7386518,  3.179682 ,  2.7728024,  4.2745504,\n",
       "               3.540688 ,  3.4330745,  2.8347685,  3.0523665,  3.5230289,\n",
       "               3.1624238],\n",
       "             [ 7.154348 ,  7.154348 ,  7.154348 ,  7.154348 ,  3.3395677,\n",
       "               3.9967644,  3.7241402,  3.6908271,  2.7669394,  3.540688 ,\n",
       "               5.100975 ,  3.4708402,  3.1253028,  3.0736477,  3.6994412,\n",
       "               3.7751453],\n",
       "             [ 6.7237587,  6.7237587,  6.7237587,  6.7237587,  2.5001693,\n",
       "               3.1933966,  3.6470957,  3.625122 ,  3.245749 ,  3.4330745,\n",
       "               3.4708402,  4.509853 ,  2.937047 ,  3.6340501,  3.316513 ,\n",
       "               3.8344588],\n",
       "             [ 5.0525355,  5.0525355,  5.0525355,  5.0525355,  1.9976587,\n",
       "               2.2154274,  2.3331056,  2.257228 ,  1.7768493,  2.8347685,\n",
       "               3.1253028,  2.937047 ,  2.8492284,  2.697686 ,  2.510872 ,\n",
       "               3.2444072],\n",
       "             [ 6.825943 ,  6.825943 ,  6.825943 ,  6.825943 ,  2.3981686,\n",
       "               2.9629033,  3.6620378,  3.0397243,  2.6844969,  3.0523665,\n",
       "               3.0736477,  3.6340501,  2.697686 ,  4.9696274,  3.489697 ,\n",
       "               3.6987355],\n",
       "             [ 6.7483277,  6.7483277,  6.7483277,  6.7483277,  2.612171 ,\n",
       "               4.0867023,  3.9305506,  3.474702 ,  3.1835308,  3.5230289,\n",
       "               3.6994412,  3.316513 ,  2.510872 ,  3.489697 ,  4.8379683,\n",
       "               3.47926  ],\n",
       "             [ 6.985718 ,  6.985718 ,  6.985718 ,  6.985718 ,  2.6060302,\n",
       "               3.5967803,  3.8032594,  3.245873 ,  2.676619 ,  3.1624238,\n",
       "               3.7751453,  3.8344588,  3.2444072,  3.6987355,  3.47926  ,\n",
       "               4.6084695]], dtype=float32)"
      ]
     },
     "execution_count": 156,
     "metadata": {},
     "output_type": "execute_result"
    }
   ],
   "source": [
    "result"
   ]
  },
  {
   "cell_type": "code",
   "execution_count": 157,
   "metadata": {},
   "outputs": [],
   "source": [
    "XTX_matrix = result"
   ]
  },
  {
   "cell_type": "code",
   "execution_count": 159,
   "metadata": {},
   "outputs": [],
   "source": [
    "XTY_matrix = XTY.matrix(fit_intercept=True, input_dim=input_dim)"
   ]
  },
  {
   "cell_type": "code",
   "execution_count": 160,
   "metadata": {},
   "outputs": [],
   "source": [
    "reg = 1.0 * jnp.eye(XTX_matrix.shape[0])\n",
    "reg = jax.ops.index_update(reg, [0, 0], 0)\n",
    "inv = onp.linalg.inv(XTX_matrix + reg)"
   ]
  },
  {
   "cell_type": "code",
   "execution_count": 161,
   "metadata": {},
   "outputs": [
    {
     "data": {
      "text/plain": [
       "array([[ 5.22434950e+00, -1.00000000e+00, -1.00000000e+00,\n",
       "        -1.00000000e+00, -3.69410872e-01, -4.50892061e-01,\n",
       "        -4.02915478e-01, -4.22622204e-01, -1.68524697e-01,\n",
       "        -3.99164528e-01, -3.93921345e-01, -2.25337401e-01,\n",
       "        -2.03485832e-01, -6.53600872e-01, -1.10821731e-01,\n",
       "        -4.49717551e-01],\n",
       "       [-1.00000000e+00,  1.00000000e+00,  0.00000000e+00,\n",
       "         0.00000000e+00,  0.00000000e+00,  0.00000000e+00,\n",
       "         0.00000000e+00,  0.00000000e+00,  0.00000000e+00,\n",
       "         0.00000000e+00,  0.00000000e+00,  0.00000000e+00,\n",
       "         0.00000000e+00,  0.00000000e+00,  0.00000000e+00,\n",
       "         0.00000000e+00],\n",
       "       [-1.00000000e+00,  0.00000000e+00,  1.00000000e+00,\n",
       "         0.00000000e+00,  0.00000000e+00,  0.00000000e+00,\n",
       "         0.00000000e+00,  0.00000000e+00,  0.00000000e+00,\n",
       "         0.00000000e+00,  0.00000000e+00,  0.00000000e+00,\n",
       "         0.00000000e+00,  0.00000000e+00,  0.00000000e+00,\n",
       "         0.00000000e+00],\n",
       "       [-1.00000000e+00,  0.00000000e+00,  0.00000000e+00,\n",
       "         1.00000000e+00,  0.00000000e+00,  0.00000000e+00,\n",
       "         0.00000000e+00,  0.00000000e+00,  0.00000000e+00,\n",
       "         0.00000000e+00,  0.00000000e+00,  0.00000000e+00,\n",
       "         0.00000000e+00,  0.00000000e+00,  0.00000000e+00,\n",
       "         0.00000000e+00],\n",
       "       [-3.69410872e-01,  7.21138705e-17,  7.21138705e-17,\n",
       "         7.21138705e-17,  6.91682518e-01, -3.13852094e-02,\n",
       "         5.23008965e-02, -9.79899168e-02,  1.18019596e-01,\n",
       "         1.00206994e-01, -1.04112066e-01,  1.81027669e-02,\n",
       "        -7.14939600e-03,  6.30902275e-02,  1.05969375e-02,\n",
       "         8.09301957e-02],\n",
       "       [-4.50892061e-01,  2.48974165e-16,  2.48974165e-16,\n",
       "         2.48974165e-16, -3.13852094e-02,  6.01045966e-01,\n",
       "         5.95833324e-02, -5.38898259e-02, -7.50303939e-02,\n",
       "         4.33830470e-02,  1.34530403e-02,  1.14690751e-01,\n",
       "         1.19605608e-01,  1.65629223e-01, -9.42680091e-02,\n",
       "        -1.45392669e-02],\n",
       "       [-4.02915478e-01,  4.28400603e-18,  4.28400603e-18,\n",
       "         4.28400603e-18,  5.23008965e-02,  5.95833324e-02,\n",
       "         5.34108043e-01,  1.11829080e-01, -7.96261951e-02,\n",
       "         1.50299862e-01, -2.07926482e-02, -3.50398086e-02,\n",
       "         9.95031074e-02,  3.98631692e-02, -9.28827897e-02,\n",
       "        -2.25951020e-02],\n",
       "       [-4.22622204e-01,  4.66498863e-17,  4.66498863e-17,\n",
       "         4.66498863e-17, -9.79899168e-02, -5.38898259e-02,\n",
       "         1.11829080e-01,  6.21625125e-01, -1.31192252e-01,\n",
       "         5.04852645e-02,  4.39018570e-02, -5.89385219e-02,\n",
       "         7.03811869e-02,  1.11461625e-01,  2.24134922e-02,\n",
       "         8.76612663e-02],\n",
       "       [-1.68524697e-01, -1.12075945e-16, -1.12075945e-16,\n",
       "        -1.12075945e-16,  1.18019596e-01, -7.50303939e-02,\n",
       "        -7.96261951e-02, -1.31192252e-01,  7.24355280e-01,\n",
       "        -4.39190380e-02,  4.14328165e-02, -1.61250427e-01,\n",
       "         7.93087408e-02,  3.50641422e-02, -7.49198869e-02,\n",
       "         7.20102489e-02],\n",
       "       [-3.99164528e-01,  3.74508173e-17,  3.74508173e-17,\n",
       "         3.74508173e-17,  1.00206994e-01,  4.33830470e-02,\n",
       "         1.50299862e-01,  5.04852645e-02, -4.39190380e-02,\n",
       "         5.43352246e-01, -8.45741574e-03, -4.09393832e-02,\n",
       "        -9.82947424e-02,  8.31052512e-02, -8.37523490e-02,\n",
       "         9.39371586e-02],\n",
       "       [-3.93921345e-01,  1.88304794e-16,  1.88304794e-16,\n",
       "         1.88304794e-16, -1.04112066e-01,  1.34530403e-02,\n",
       "        -2.07926482e-02,  4.39018570e-02,  4.14328165e-02,\n",
       "        -8.45741574e-03,  5.64105570e-01,  5.05411029e-02,\n",
       "        -1.13880582e-01,  1.61471248e-01, -2.50120735e-04,\n",
       "         4.93732616e-02],\n",
       "       [-2.25337401e-01,  5.30428337e-16,  5.30428337e-16,\n",
       "         5.30428337e-16,  1.81027669e-02,  1.14690751e-01,\n",
       "        -3.50398086e-02, -5.89385219e-02, -1.61250427e-01,\n",
       "        -4.09393832e-02,  5.05411029e-02,  5.94500780e-01,\n",
       "        -9.76828262e-02,  2.70841550e-03,  4.98113967e-02,\n",
       "        -6.00332506e-02],\n",
       "       [-2.03485832e-01, -8.01505522e-17, -8.01505522e-17,\n",
       "        -8.01505522e-17, -7.14939600e-03,  1.19605608e-01,\n",
       "         9.95031074e-02,  7.03811869e-02,  7.93087408e-02,\n",
       "        -9.82947424e-02, -1.13880582e-01, -9.76828262e-02,\n",
       "         7.18304157e-01,  7.44132418e-03, -1.91574786e-02,\n",
       "        -1.75671369e-01],\n",
       "       [-6.53600872e-01,  5.00710239e-16,  5.00710239e-16,\n",
       "         5.00710239e-16,  6.30902275e-02,  1.65629223e-01,\n",
       "         3.98631692e-02,  1.11461625e-01,  3.50641422e-02,\n",
       "         8.31052512e-02,  1.61471248e-01,  2.70841550e-03,\n",
       "         7.44132418e-03,  5.61041176e-01, -2.62234993e-02,\n",
       "         5.48539348e-02],\n",
       "       [-1.10821731e-01,  2.09502631e-17,  2.09502631e-17,\n",
       "         2.09502631e-17,  1.05969375e-02, -9.42680091e-02,\n",
       "        -9.28827897e-02,  2.24134922e-02, -7.49198869e-02,\n",
       "        -8.37523490e-02, -2.50120735e-04,  4.98113967e-02,\n",
       "        -1.91574786e-02, -2.62234993e-02,  4.84978080e-01,\n",
       "         2.01911125e-02],\n",
       "       [-4.49717551e-01, -4.60015611e-18, -4.60015611e-18,\n",
       "        -4.60015611e-18,  8.09301957e-02, -1.45392669e-02,\n",
       "        -2.25951020e-02,  8.76612663e-02,  7.20102489e-02,\n",
       "         9.39371586e-02,  4.93732616e-02, -6.00332506e-02,\n",
       "        -1.75671369e-01,  5.48539348e-02,  2.01911125e-02,\n",
       "         6.48159981e-01]], dtype=float32)"
      ]
     },
     "execution_count": 161,
     "metadata": {},
     "output_type": "execute_result"
    }
   ],
   "source": [
    "inv"
   ]
  },
  {
   "cell_type": "code",
   "execution_count": 170,
   "metadata": {},
   "outputs": [],
   "source": [
    "kernel, bias = fit_gram(XTX, XTY, input_dim=input_dim)"
   ]
  },
  {
   "cell_type": "code",
   "execution_count": 171,
   "metadata": {},
   "outputs": [
    {
     "data": {
      "text/plain": [
       "DeviceArray([[ 0.12047938,  0.03906086],\n",
       "             [ 0.09251006,  0.02308223],\n",
       "             [-0.06796371,  0.04429616]], dtype=float32)"
      ]
     },
     "execution_count": 171,
     "metadata": {},
     "output_type": "execute_result"
    }
   ],
   "source": [
    "kernel"
   ]
  },
  {
   "cell_type": "code",
   "execution_count": 172,
   "metadata": {},
   "outputs": [
    {
     "data": {
      "text/plain": [
       "DeviceArray([0.07392025, 0.11869931], dtype=float32)"
      ]
     },
     "execution_count": 172,
     "metadata": {},
     "output_type": "execute_result"
    }
   ],
   "source": [
    "bias"
   ]
  },
  {
   "cell_type": "code",
   "execution_count": 129,
   "metadata": {},
   "outputs": [],
   "source": [
    "from timecast.utils.ar import _fit_constrained\n",
    "beta = _fit_constrained(beta, inv, R, r)"
   ]
  },
  {
   "cell_type": "code",
   "execution_count": 130,
   "metadata": {},
   "outputs": [
    {
     "data": {
      "text/plain": [
       "DeviceArray([[ 0.24008504],\n",
       "             [ 0.24008505],\n",
       "             [ 0.13840254],\n",
       "             [ 0.13840254],\n",
       "             [-0.10183237],\n",
       "             [-0.10183237],\n",
       "             [-0.12447697],\n",
       "             [-0.12447697]], dtype=float32)"
      ]
     },
     "execution_count": 130,
     "metadata": {},
     "output_type": "execute_result"
    }
   ],
   "source": [
    "beta"
   ]
  },
  {
   "cell_type": "code",
   "execution_count": 132,
   "metadata": {},
   "outputs": [
    {
     "data": {
      "text/plain": [
       "DeviceArray([[ 0.24008504],\n",
       "             [ 0.13840254],\n",
       "             [-0.10183237],\n",
       "             [-0.12447697]], dtype=float32)"
      ]
     },
     "execution_count": 132,
     "metadata": {},
     "output_type": "execute_result"
    }
   ],
   "source": [
    "beta.take(jnp.arange(0, len(beta), input_dim), axis=0)"
   ]
  },
  {
   "cell_type": "code",
   "execution_count": null,
   "metadata": {},
   "outputs": [],
   "source": []
  }
 ],
 "metadata": {
  "kernelspec": {
   "display_name": "Python 3",
   "language": "python",
   "name": "python3"
  },
  "language_info": {
   "codemirror_mode": {
    "name": "ipython",
    "version": 3
   },
   "file_extension": ".py",
   "mimetype": "text/x-python",
   "name": "python",
   "nbconvert_exporter": "python",
   "pygments_lexer": "ipython3",
   "version": "3.7.0"
  }
 },
 "nbformat": 4,
 "nbformat_minor": 2
}
